

      PRINT DOVE,HAWK,LAWA

***** HOBBESIAN STATE OF NATURE FROM THE PERSPECTIVE OF BIOECONOMICS *****

Print results for run 'COLL'

     TIME     DOVE     HAWK     LAWA
     E+00     E+00     E+00     E+00
    0.000    0.050    0.900    0.050
    0.100    0.070    0.871    0.059
    0.200    0.094    0.837    0.069
    0.300    0.122    0.799    0.079
    0.400    0.151    0.760    0.089
    0.500    0.180    0.722    0.098
    0.600    0.207    0.687    0.106
    0.700    0.230    0.657    0.113
    0.800    0.249    0.631    0.120
    0.900    0.264    0.610    0.126
    1.000    0.275    0.593    0.132
    1.100    0.283    0.579    0.138
    1.200    0.288    0.567    0.144
    1.300    0.292    0.557    0.151
    1.400    0.293    0.549    0.158
    1.500    0.294    0.541    0.165
    1.600    0.293    0.535    0.173
    1.700    0.291    0.528    0.181
    1.800    0.289    0.522    0.190
    1.900    0.285    0.515    0.200
    2.000    0.281    0.509    0.210
    2.100    0.277    0.502    0.222
    2.200    0.272    0.494    0.234
    2.300    0.266    0.486    0.248
    2.400    0.259    0.478    0.263
    2.500    0.252    0.468    0.280
    2.600    0.244    0.458    0.299
    2.700    0.235    0.446    0.319
    2.800    0.225    0.433    0.342
    2.900    0.214    0.419    0.367
    3.000    0.202    0.403    0.395
    3.100    0.189    0.385    0.425
    3.200    0.175    0.366    0.459
    3.300    0.160    0.344    0.496
    3.400    0.145    0.320    0.535
    3.500    0.128    0.295    0.577
    3.600    0.111    0.268    0.622
    3.700    0.094    0.239    0.667
    3.800    0.078    0.210    0.712
    3.900    0.062    0.182    0.756
    4.000    0.049    0.154    0.797
    4.100    0.037    0.128    0.835
    4.200    0.027    0.105    0.867
    4.300    0.020    0.085    0.895
    4.400    0.014    0.068    0.918
    4.500    0.010    0.054    0.937
    4.600    0.006    0.042    0.951
    4.700    0.004    0.033    0.963
    4.800    0.003    0.025    0.972
    4.900    0.002    0.020    0.978
    5.000    0.001    0.015    0.984
    5.100    0.001    0.012    0.987
    5.200    0.001    0.009    0.990
    5.300    0.000    0.007    0.993
    5.400    0.000    0.005    0.994
    5.500    0.000    0.004    0.996
    5.600    0.000    0.003    0.997
    5.700    0.000    0.002    0.998
    5.800    0.000    0.002    0.998
    5.900    0.000    0.001    0.999
    6.000    0.000    0.001    0.999
    6.100    0.000    0.001    0.999
    6.200    0.000    0.001    0.999
    6.300    0.000    0.000    1.000
    6.400    0.000    0.000    1.000
    6.500    0.000    0.000    1.000
    6.600    0.000    0.000    1.000
    6.700    0.000    0.000    1.000
    6.800    0.000    0.000    1.000
    6.900    0.000    0.000    1.000
    7.000    0.000    0.000    1.000
